ESTADOS = {1, 2, 3, 4, 5, 6, 7, 8, 9, 10, 11, 12, 13, 14, 15, 16, 17, 18, 19, 20, 21, 22, 23, 24, 25, 26, 27, 28, 29, 30, 31, 32, 33, 34, 35, 36, 37, 38, 39, 40, 41, 42, 43, 44, 45, 46, 47, 48, 49, 50, 51, 52, 53, 54, 55, 56, 57, }
SIMBOLOS = {C, O, M, P, I, L, E, R,  , a, b, c, d, e, f, g, h, i, j, k, l, m, n, o, p, q, r, s, t, u, v, w, x, y, z, A, B, D, F, G, H, J, K, N, Q, S, T, U, V, W, X, Y, Z, 0, 1, 2, 3, 4, 5, 6, 7, 8, 9, 
, }
INICIO = {1}
ACEPTACION = {57, }
TRANSICION = (1, a, 2)(1, b, 2)(1, c, 2)(1, d, 2)(1, e, 2)(1, f, 2)(1, g, 2)(1, h, 2)(1, i, 2)(1, j, 2)(1, k, 2)(1, l, 2)(1, m, 2)(1, n, 2)(1, o, 2)(1, p, 2)(1, q, 2)(1, r, 2)(1, s, 2)(1, t, 2)(1, u, 2)(1, v, 2)(1, w, 2)(1, x, 2)(1, y, 2)(1, z, 2)(1, A, 2)(1, B, 2)(1, C, 2)(1, D, 2)(1, E, 2)(1, F, 2)(1, G, 2)(1, H, 2)(1, I, 2)(1, J, 2)(1, K, 2)(1, L, 2)(1, M, 2)(1, N, 2)(1, O, 2)(1, P, 2)(1, Q, 2)(1, R, 2)(1, S, 2)(1, T, 2)(1, U, 2)(1, V, 2)(1, W, 2)(1, X, 2)(1, Y, 2)(1, Z, 2)(1, 0, 3)(1, 1, 3)(1, 2, 3)(1, 3, 3)(1, 4, 3)(1, 5, 3)(1, 6, 3)(1, 7, 3)(1, 8, 3)(1, 9, 3)(3, a, 3)(3, b, 3)(3, c, 3)(3, d, 3)(3, e, 3)(3, f, 3)(3, g, 3)(3, h, 3)(3, i, 3)(3, j, 3)(3, k, 3)(3, l, 3)(3, m, 3)(3, n, 3)(3, o, 3)(3, p, 3)(3, q, 3)(3, r, 3)(3, s, 3)(3, t, 3)(3, u, 3)(3, v, 3)(3, w, 3)(3, x, 3)(3, y, 3)(3, z, 3)(3, A, 3)(3, B, 3)(3, C, 3)(3, D, 3)(3, E, 3)(3, F, 3)(3, G, 3)(3, H, 3)(3, I, 3)(3, J, 3)(3, K, 3)(3, L, 3)(3, M, 3)(3, N, 3)(3, O, 3)(3, P, 3)(3, Q, 3)(3, R, 3)(3, S, 3)(3, T, 3)(3, U, 3)(3, V, 3)(3, W, 3)(3, X, 3)(3, Y, 3)(3, Z, 3)(3, 0, 3)(3, 1, 3)(3, 2, 3)(3, 3, 3)(3, 4, 3)(3, 5, 3)(3, 6, 3)(3, 7, 3)(3, 8, 3)(3, 9, 3)(2, a, 2)(2, b, 2)(2, c, 2)(2, d, 2)(2, e, 2)(2, f, 2)(2, g, 2)(2, h, 2)(2, i, 2)(2, j, 2)(2, k, 2)(2, l, 2)(2, m, 2)(2, n, 2)(2, o, 2)(2, p, 2)(2, q, 2)(2, r, 2)(2, s, 2)(2, t, 2)(2, u, 2)(2, v, 2)(2, w, 2)(2, x, 2)(2, y, 2)(2, z, 2)(2, A, 2)(2, B, 2)(2, C, 2)(2, D, 2)(2, E, 2)(2, F, 2)(2, G, 2)(2, H, 2)(2, I, 2)(2, J, 2)(2, K, 2)(2, L, 2)(2, M, 2)(2, N, 2)(2, O, 2)(2, P, 2)(2, Q, 2)(2, R, 2)(2, S, 2)(2, T, 2)(2, U, 2)(2, V, 2)(2, W, 2)(2, X, 2)(2, Y, 2)(2, Z, 2)(2, 0, 2)(2, 1, 2)(2, 2, 2)(2, 3, 2)(2, 4, 2)(2, 5, 2)(2, 6, 2)(2, 7, 2)(2, 8, 2)(2, 9, 2)(1, 0, 2)(1, 1, 2)(1, 2, 2)(1, 3, 2)(1, 4, 2)(1, 5, 2)(1, 6, 2)(1, 7, 2)(1, 8, 2)(1, 9, 2)(2, 0, 2)(2, 1, 2)(2, 2, 2)(2, 3, 2)(2, 4, 2)(2, 5, 2)(2, 6, 2)(2, 7, 2)(2, 8, 2)(2, 9, 2)(1, C, 2)(1, O, 3)(1, M, 3)(1, P, 3)(1, I, 3)(1, L, 3)(1, E, 3)(1, R, 3)(1,  , 3)(1, a, 3)(1, b, 3)(1, c, 3)(1, d, 3)(1, e, 3)(1, f, 3)(1, g, 3)(1, h, 3)(1, i, 3)(1, j, 3)(1, k, 3)(1, l, 3)(1, m, 3)(1, n, 3)(1, o, 3)(1, p, 3)(1, q, 3)(1, r, 3)(1, s, 3)(1, t, 3)(1, u, 3)(1, v, 3)(1, w, 3)(1, x, 3)(1, y, 3)(1, z, 3)(1, A, 3)(1, B, 3)(1, D, 3)(1, F, 3)(1, G, 3)(1, H, 3)(1, J, 3)(1, K, 3)(1, N, 3)(1, Q, 3)(1, S, 3)(1, T, 3)(1, U, 3)(1, V, 3)(1, W, 3)(1, X, 3)(1, Y, 3)(1, Z, 3)(1, 0, 3)(1, 1, 3)(1, 2, 3)(1, 3, 3)(1, 4, 3)(1, 5, 3)(1, 6, 3)(1, 7, 3)(1, 8, 3)(1, 9, 3)(1, 
, 3)(3, C, 3)(3, O, 3)(3, M, 3)(3, P, 3)(3, I, 3)(3, L, 3)(3, E, 3)(3, R, 3)(3,  , 3)(3, a, 3)(3, b, 3)(3, c, 3)(3, d, 3)(3, e, 3)(3, f, 3)(3, g, 3)(3, h, 3)(3, i, 3)(3, j, 3)(3, k, 3)(3, l, 3)(3, m, 3)(3, n, 3)(3, o, 3)(3, p, 3)(3, q, 3)(3, r, 3)(3, s, 3)(3, t, 3)(3, u, 3)(3, v, 3)(3, w, 3)(3, x, 3)(3, y, 3)(3, z, 3)(3, A, 3)(3, B, 3)(3, D, 3)(3, F, 3)(3, G, 3)(3, H, 3)(3, J, 3)(3, K, 3)(3, N, 3)(3, Q, 3)(3, S, 3)(3, T, 3)(3, U, 3)(3, V, 3)(3, W, 3)(3, X, 3)(3, Y, 3)(3, Z, 3)(3, 0, 3)(3, 1, 3)(3, 2, 3)(3, 3, 3)(3, 4, 3)(3, 5, 3)(3, 6, 3)(3, 7, 3)(3, 8, 3)(3, 9, 3)(3, 
, 3)(2, C, 3)(2, O, 4)(2, M, 3)(2, P, 3)(2, I, 3)(2, L, 3)(2, E, 3)(2, R, 3)(2,  , 3)(2, a, 3)(2, b, 3)(2, c, 3)(2, d, 3)(2, e, 3)(2, f, 3)(2, g, 3)(2, h, 3)(2, i, 3)(2, j, 3)(2, k, 3)(2, l, 3)(2, m, 3)(2, n, 3)(2, o, 3)(2, p, 3)(2, q, 3)(2, r, 3)(2, s, 3)(2, t, 3)(2, u, 3)(2, v, 3)(2, w, 3)(2, x, 3)(2, y, 3)(2, z, 3)(2, A, 3)(2, B, 3)(2, D, 3)(2, F, 3)(2, G, 3)(2, H, 3)(2, J, 3)(2, K, 3)(2, N, 3)(2, Q, 3)(2, S, 3)(2, T, 3)(2, U, 3)(2, V, 3)(2, W, 3)(2, X, 3)(2, Y, 3)(2, Z, 3)(2, 0, 3)(2, 1, 3)(2, 2, 3)(2, 3, 3)(2, 4, 3)(2, 5, 3)(2, 6, 3)(2, 7, 3)(2, 8, 3)(2, 9, 3)(2, 
, 3)(4, C, 3)(4, O, 3)(4, M, 5)(4, P, 3)(4, I, 3)(4, L, 3)(4, E, 3)(4, R, 3)(4,  , 3)(4, a, 3)(4, b, 3)(4, c, 3)(4, d, 3)(4, e, 3)(4, f, 3)(4, g, 3)(4, h, 3)(4, i, 3)(4, j, 3)(4, k, 3)(4, l, 3)(4, m, 3)(4, n, 3)(4, o, 3)(4, p, 3)(4, q, 3)(4, r, 3)(4, s, 3)(4, t, 3)(4, u, 3)(4, v, 3)(4, w, 3)(4, x, 3)(4, y, 3)(4, z, 3)(4, A, 3)(4, B, 3)(4, D, 3)(4, F, 3)(4, G, 3)(4, H, 3)(4, J, 3)(4, K, 3)(4, N, 3)(4, Q, 3)(4, S, 3)(4, T, 3)(4, U, 3)(4, V, 3)(4, W, 3)(4, X, 3)(4, Y, 3)(4, Z, 3)(4, 0, 3)(4, 1, 3)(4, 2, 3)(4, 3, 3)(4, 4, 3)(4, 5, 3)(4, 6, 3)(4, 7, 3)(4, 8, 3)(4, 9, 3)(4, 
, 3)(5, C, 3)(5, O, 3)(5, M, 3)(5, P, 6)(5, I, 3)(5, L, 3)(5, E, 3)(5, R, 3)(5,  , 3)(5, a, 3)(5, b, 3)(5, c, 3)(5, d, 3)(5, e, 3)(5, f, 3)(5, g, 3)(5, h, 3)(5, i, 3)(5, j, 3)(5, k, 3)(5, l, 3)(5, m, 3)(5, n, 3)(5, o, 3)(5, p, 3)(5, q, 3)(5, r, 3)(5, s, 3)(5, t, 3)(5, u, 3)(5, v, 3)(5, w, 3)(5, x, 3)(5, y, 3)(5, z, 3)(5, A, 3)(5, B, 3)(5, D, 3)(5, F, 3)(5, G, 3)(5, H, 3)(5, J, 3)(5, K, 3)(5, N, 3)(5, Q, 3)(5, S, 3)(5, T, 3)(5, U, 3)(5, V, 3)(5, W, 3)(5, X, 3)(5, Y, 3)(5, Z, 3)(5, 0, 3)(5, 1, 3)(5, 2, 3)(5, 3, 3)(5, 4, 3)(5, 5, 3)(5, 6, 3)(5, 7, 3)(5, 8, 3)(5, 9, 3)(5, 
, 3)(6, C, 3)(6, O, 3)(6, M, 3)(6, P, 3)(6, I, 7)(6, L, 3)(6, E, 3)(6, R, 3)(6,  , 3)(6, a, 3)(6, b, 3)(6, c, 3)(6, d, 3)(6, e, 3)(6, f, 3)(6, g, 3)(6, h, 3)(6, i, 3)(6, j, 3)(6, k, 3)(6, l, 3)(6, m, 3)(6, n, 3)(6, o, 3)(6, p, 3)(6, q, 3)(6, r, 3)(6, s, 3)(6, t, 3)(6, u, 3)(6, v, 3)(6, w, 3)(6, x, 3)(6, y, 3)(6, z, 3)(6, A, 3)(6, B, 3)(6, D, 3)(6, F, 3)(6, G, 3)(6, H, 3)(6, J, 3)(6, K, 3)(6, N, 3)(6, Q, 3)(6, S, 3)(6, T, 3)(6, U, 3)(6, V, 3)(6, W, 3)(6, X, 3)(6, Y, 3)(6, Z, 3)(6, 0, 3)(6, 1, 3)(6, 2, 3)(6, 3, 3)(6, 4, 3)(6, 5, 3)(6, 6, 3)(6, 7, 3)(6, 8, 3)(6, 9, 3)(6, 
, 3)(7, C, 3)(7, O, 3)(7, M, 3)(7, P, 3)(7, I, 3)(7, L, 8)(7, E, 3)(7, R, 3)(7,  , 3)(7, a, 3)(7, b, 3)(7, c, 3)(7, d, 3)(7, e, 3)(7, f, 3)(7, g, 3)(7, h, 3)(7, i, 3)(7, j, 3)(7, k, 3)(7, l, 3)(7, m, 3)(7, n, 3)(7, o, 3)(7, p, 3)(7, q, 3)(7, r, 3)(7, s, 3)(7, t, 3)(7, u, 3)(7, v, 3)(7, w, 3)(7, x, 3)(7, y, 3)(7, z, 3)(7, A, 3)(7, B, 3)(7, D, 3)(7, F, 3)(7, G, 3)(7, H, 3)(7, J, 3)(7, K, 3)(7, N, 3)(7, Q, 3)(7, S, 3)(7, T, 3)(7, U, 3)(7, V, 3)(7, W, 3)(7, X, 3)(7, Y, 3)(7, Z, 3)(7, 0, 3)(7, 1, 3)(7, 2, 3)(7, 3, 3)(7, 4, 3)(7, 5, 3)(7, 6, 3)(7, 7, 3)(7, 8, 3)(7, 9, 3)(7, 
, 3)(8, C, 3)(8, O, 3)(8, M, 3)(8, P, 3)(8, I, 3)(8, L, 3)(8, E, 9)(8, R, 3)(8,  , 3)(8, a, 3)(8, b, 3)(8, c, 3)(8, d, 3)(8, e, 3)(8, f, 3)(8, g, 3)(8, h, 3)(8, i, 3)(8, j, 3)(8, k, 3)(8, l, 3)(8, m, 3)(8, n, 3)(8, o, 3)(8, p, 3)(8, q, 3)(8, r, 3)(8, s, 3)(8, t, 3)(8, u, 3)(8, v, 3)(8, w, 3)(8, x, 3)(8, y, 3)(8, z, 3)(8, A, 3)(8, B, 3)(8, D, 3)(8, F, 3)(8, G, 3)(8, H, 3)(8, J, 3)(8, K, 3)(8, N, 3)(8, Q, 3)(8, S, 3)(8, T, 3)(8, U, 3)(8, V, 3)(8, W, 3)(8, X, 3)(8, Y, 3)(8, Z, 3)(8, 0, 3)(8, 1, 3)(8, 2, 3)(8, 3, 3)(8, 4, 3)(8, 5, 3)(8, 6, 3)(8, 7, 3)(8, 8, 3)(8, 9, 3)(8, 
, 3)(9, C, 3)(9, O, 3)(9, M, 3)(9, P, 3)(9, I, 3)(9, L, 3)(9, E, 3)(9, R, 10)(9,  , 3)(9, a, 3)(9, b, 3)(9, c, 3)(9, d, 3)(9, e, 3)(9, f, 3)(9, g, 3)(9, h, 3)(9, i, 3)(9, j, 3)(9, k, 3)(9, l, 3)(9, m, 3)(9, n, 3)(9, o, 3)(9, p, 3)(9, q, 3)(9, r, 3)(9, s, 3)(9, t, 3)(9, u, 3)(9, v, 3)(9, w, 3)(9, x, 3)(9, y, 3)(9, z, 3)(9, A, 3)(9, B, 3)(9, D, 3)(9, F, 3)(9, G, 3)(9, H, 3)(9, J, 3)(9, K, 3)(9, N, 3)(9, Q, 3)(9, S, 3)(9, T, 3)(9, U, 3)(9, V, 3)(9, W, 3)(9, X, 3)(9, Y, 3)(9, Z, 3)(9, 0, 3)(9, 1, 3)(9, 2, 3)(9, 3, 3)(9, 4, 3)(9, 5, 3)(9, 6, 3)(9, 7, 3)(9, 8, 3)(9, 9, 3)(9, 
, 3)(10, C, 11)(10, O, 11)(10, M, 11)(10, P, 11)(10, I, 11)(10, L, 11)(10, E, 11)(10, R, 11)(10,  , 10)(10, a, 11)(10, b, 11)(10, c, 11)(10, d, 11)(10, e, 11)(10, f, 11)(10, g, 11)(10, h, 11)(10, i, 11)(10, j, 11)(10, k, 11)(10, l, 11)(10, m, 11)(10, n, 11)(10, o, 11)(10, p, 11)(10, q, 11)(10, r, 11)(10, s, 11)(10, t, 11)(10, u, 11)(10, v, 11)(10, w, 11)(10, x, 11)(10, y, 11)(10, z, 11)(10, A, 11)(10, B, 11)(10, D, 11)(10, F, 11)(10, G, 11)(10, H, 11)(10, J, 11)(10, K, 11)(10, N, 11)(10, Q, 11)(10, S, 11)(10, T, 11)(10, U, 11)(10, V, 11)(10, W, 11)(10, X, 11)(10, Y, 11)(10, Z, 11)(10, 0, 3)(10, 1, 3)(10, 2, 3)(10, 3, 3)(10, 4, 3)(10, 5, 3)(10, 6, 3)(10, 7, 3)(10, 8, 3)(10, 9, 3)(10, 
, 3)(11, C, 11)(11, O, 11)(11, M, 11)(11, P, 11)(11, I, 11)(11, L, 11)(11, E, 11)(11, R, 11)(11,  , 12)(11, a, 11)(11, b, 11)(11, c, 11)(11, d, 11)(11, e, 11)(11, f, 11)(11, g, 11)(11, h, 11)(11, i, 11)(11, j, 11)(11, k, 11)(11, l, 11)(11, m, 11)(11, n, 11)(11, o, 11)(11, p, 11)(11, q, 11)(11, r, 11)(11, s, 11)(11, t, 11)(11, u, 11)(11, v, 11)(11, w, 11)(11, x, 11)(11, y, 11)(11, z, 11)(11, A, 11)(11, B, 11)(11, D, 11)(11, F, 11)(11, G, 11)(11, H, 11)(11, J, 11)(11, K, 11)(11, N, 11)(11, Q, 11)(11, S, 11)(11, T, 11)(11, U, 11)(11, V, 11)(11, W, 11)(11, X, 11)(11, Y, 11)(11, Z, 11)(11, 0, 11)(11, 1, 11)(11, 2, 11)(11, 3, 11)(11, 4, 11)(11, 5, 11)(11, 6, 11)(11, 7, 11)(11, 8, 11)(11, 9, 11)(11, 
, 13)(13, C, 14)(13, O, 3)(13, M, 3)(13, P, 3)(13, I, 3)(13, L, 3)(13, E, 3)(13, R, 3)(13,  , 3)(13, a, 3)(13, b, 3)(13, c, 3)(13, d, 3)(13, e, 3)(13, f, 3)(13, g, 3)(13, h, 3)(13, i, 3)(13, j, 3)(13, k, 3)(13, l, 3)(13, m, 3)(13, n, 3)(13, o, 3)(13, p, 3)(13, q, 3)(13, r, 3)(13, s, 3)(13, t, 3)(13, u, 3)(13, v, 3)(13, w, 3)(13, x, 3)(13, y, 3)(13, z, 3)(13, A, 3)(13, B, 3)(13, D, 3)(13, F, 3)(13, G, 3)(13, H, 3)(13, J, 3)(13, K, 3)(13, N, 3)(13, Q, 3)(13, S, 3)(13, T, 3)(13, U, 3)(13, V, 3)(13, W, 3)(13, X, 3)(13, Y, 3)(13, Z, 3)(13, 0, 3)(13, 1, 3)(13, 2, 3)(13, 3, 3)(13, 4, 3)(13, 5, 3)(13, 6, 3)(13, 7, 3)(13, 8, 3)(13, 9, 3)(13, 
, 3)(14, C, 3)(14, O, 3)(14, M, 3)(14, P, 3)(14, I, 3)(14, L, 3)(14, E, 3)(14, R, 3)(14,  , 3)(14, a, 3)(14, b, 3)(14, c, 3)(14, d, 3)(14, e, 3)(14, f, 3)(14, g, 3)(14, h, 3)(14, i, 3)(14, j, 3)(14, k, 3)(14, l, 3)(14, m, 3)(14, n, 3)(14, o, 3)(14, p, 3)(14, q, 3)(14, r, 3)(14, s, 3)(14, t, 3)(14, u, 3)(14, v, 3)(14, w, 3)(14, x, 3)(14, y, 3)(14, z, 3)(14, A, 3)(14, B, 3)(14, D, 3)(14, F, 3)(14, G, 3)(14, H, 15)(14, J, 3)(14, K, 3)(14, N, 3)(14, Q, 3)(14, S, 3)(14, T, 3)(14, U, 3)(14, V, 3)(14, W, 3)(14, X, 3)(14, Y, 3)(14, Z, 3)(14, 0, 3)(14, 1, 3)(14, 2, 3)(14, 3, 3)(14, 4, 3)(14, 5, 3)(14, 6, 3)(14, 7, 3)(14, 8, 3)(14, 9, 3)(14, 
, 3)(15, C, 3)(15, O, 3)(15, M, 3)(15, P, 3)(15, I, 3)(15, L, 3)(15, E, 3)(15, R, 3)(15,  , 3)(15, a, 3)(15, b, 3)(15, c, 3)(15, d, 3)(15, e, 3)(15, f, 3)(15, g, 3)(15, h, 3)(15, i, 3)(15, j, 3)(15, k, 3)(15, l, 3)(15, m, 3)(15, n, 3)(15, o, 3)(15, p, 3)(15, q, 3)(15, r, 3)(15, s, 3)(15, t, 3)(15, u, 3)(15, v, 3)(15, w, 3)(15, x, 3)(15, y, 3)(15, z, 3)(15, A, 16)(15, B, 3)(15, D, 3)(15, F, 3)(15, G, 3)(15, H, 3)(15, J, 3)(15, K, 3)(15, N, 3)(15, Q, 3)(15, S, 3)(15, T, 3)(15, U, 3)(15, V, 3)(15, W, 3)(15, X, 3)(15, Y, 3)(15, Z, 3)(15, 0, 3)(15, 1, 3)(15, 2, 3)(15, 3, 3)(15, 4, 3)(15, 5, 3)(15, 6, 3)(15, 7, 3)(15, 8, 3)(15, 9, 3)(15, 
, 3)(16, C, 3)(16, O, 3)(16, M, 3)(16, P, 3)(16, I, 3)(16, L, 3)(16, E, 3)(16, R, 17)(16,  , 3)(16, a, 3)(16, b, 3)(16, c, 3)(16, d, 3)(16, e, 3)(16, f, 3)(16, g, 3)(16, h, 3)(16, i, 3)(16, j, 3)(16, k, 3)(16, l, 3)(16, m, 3)(16, n, 3)(16, o, 3)(16, p, 3)(16, q, 3)(16, r, 3)(16, s, 3)(16, t, 3)(16, u, 3)(16, v, 3)(16, w, 3)(16, x, 3)(16, y, 3)(16, z, 3)(16, A, 3)(16, B, 3)(16, D, 3)(16, F, 3)(16, G, 3)(16, H, 3)(16, J, 3)(16, K, 3)(16, N, 3)(16, Q, 3)(16, S, 3)(16, T, 3)(16, U, 3)(16, V, 3)(16, W, 3)(16, X, 3)(16, Y, 3)(16, Z, 3)(16, 0, 3)(16, 1, 3)(16, 2, 3)(16, 3, 3)(16, 4, 3)(16, 5, 3)(16, 6, 3)(16, 7, 3)(16, 8, 3)(16, 9, 3)(16, 
, 3)(17, C, 3)(17, O, 3)(17, M, 3)(17, P, 3)(17, I, 3)(17, L, 3)(17, E, 3)(17, R, 3)(17,  , 3)(17, a, 3)(17, b, 3)(17, c, 3)(17, d, 3)(17, e, 3)(17, f, 3)(17, g, 3)(17, h, 3)(17, i, 3)(17, j, 3)(17, k, 3)(17, l, 3)(17, m, 3)(17, n, 3)(17, o, 3)(17, p, 3)(17, q, 3)(17, r, 3)(17, s, 3)(17, t, 3)(17, u, 3)(17, v, 3)(17, w, 3)(17, x, 3)(17, y, 3)(17, z, 3)(17, A, 18)(17, B, 3)(17, D, 3)(17, F, 3)(17, G, 3)(17, H, 3)(17, J, 3)(17, K, 3)(17, N, 3)(17, Q, 3)(17, S, 3)(17, T, 3)(17, U, 3)(17, V, 3)(17, W, 3)(17, X, 3)(17, Y, 3)(17, Z, 3)(17, 0, 3)(17, 1, 3)(17, 2, 3)(17, 3, 3)(17, 4, 3)(17, 5, 3)(17, 6, 3)(17, 7, 3)(17, 8, 3)(17, 9, 3)(17, 
, 3)(18, C, 19)(18, O, 3)(18, M, 3)(18, P, 3)(18, I, 3)(18, L, 3)(18, E, 3)(18, R, 3)(18,  , 3)(18, a, 3)(18, b, 3)(18, c, 3)(18, d, 3)(18, e, 3)(18, f, 3)(18, g, 3)(18, h, 3)(18, i, 3)(18, j, 3)(18, k, 3)(18, l, 3)(18, m, 3)(18, n, 3)(18, o, 3)(18, p, 3)(18, q, 3)(18, r, 3)(18, s, 3)(18, t, 3)(18, u, 3)(18, v, 3)(18, w, 3)(18, x, 3)(18, y, 3)(18, z, 3)(18, A, 3)(18, B, 3)(18, D, 3)(18, F, 3)(18, G, 3)(18, H, 3)(18, J, 3)(18, K, 3)(18, N, 3)(18, Q, 3)(18, S, 3)(18, T, 3)(18, U, 3)(18, V, 3)(18, W, 3)(18, X, 3)(18, Y, 3)(18, Z, 3)(18, 0, 3)(18, 1, 3)(18, 2, 3)(18, 3, 3)(18, 4, 3)(18, 5, 3)(18, 6, 3)(18, 7, 3)(18, 8, 3)(18, 9, 3)(18, 
, 3)(19, C, 3)(19, O, 3)(19, M, 3)(19, P, 3)(19, I, 3)(19, L, 3)(19, E, 3)(19, R, 3)(19,  , 3)(19, a, 3)(19, b, 3)(19, c, 3)(19, d, 3)(19, e, 3)(19, f, 3)(19, g, 3)(19, h, 3)(19, i, 3)(19, j, 3)(19, k, 3)(19, l, 3)(19, m, 3)(19, n, 3)(19, o, 3)(19, p, 3)(19, q, 3)(19, r, 3)(19, s, 3)(19, t, 3)(19, u, 3)(19, v, 3)(19, w, 3)(19, x, 3)(19, y, 3)(19, z, 3)(19, A, 3)(19, B, 3)(19, D, 3)(19, F, 3)(19, G, 3)(19, H, 3)(19, J, 3)(19, K, 3)(19, N, 3)(19, Q, 3)(19, S, 3)(19, T, 20)(19, U, 3)(19, V, 3)(19, W, 3)(19, X, 3)(19, Y, 3)(19, Z, 3)(19, 0, 3)(19, 1, 3)(19, 2, 3)(19, 3, 3)(19, 4, 3)(19, 5, 3)(19, 6, 3)(19, 7, 3)(19, 8, 3)(19, 9, 3)(19, 
, 3)(20, C, 3)(20, O, 3)(20, M, 3)(20, P, 3)(20, I, 3)(20, L, 3)(20, E, 21)(20, R, 3)(20,  , 3)(20, a, 3)(20, b, 3)(20, c, 3)(20, d, 3)(20, e, 3)(20, f, 3)(20, g, 3)(20, h, 3)(20, i, 3)(20, j, 3)(20, k, 3)(20, l, 3)(20, m, 3)(20, n, 3)(20, o, 3)(20, p, 3)(20, q, 3)(20, r, 3)(20, s, 3)(20, t, 3)(20, u, 3)(20, v, 3)(20, w, 3)(20, x, 3)(20, y, 3)(20, z, 3)(20, A, 3)(20, B, 3)(20, D, 3)(20, F, 3)(20, G, 3)(20, H, 3)(20, J, 3)(20, K, 3)(20, N, 3)(20, Q, 3)(20, S, 3)(20, T, 3)(20, U, 3)(20, V, 3)(20, W, 3)(20, X, 3)(20, Y, 3)(20, Z, 3)(20, 0, 3)(20, 1, 3)(20, 2, 3)(20, 3, 3)(20, 4, 3)(20, 5, 3)(20, 6, 3)(20, 7, 3)(20, 8, 3)(20, 9, 3)(20, 
, 3)(21, C, 3)(21, O, 3)(21, M, 3)(21, P, 3)(21, I, 3)(21, L, 3)(21, E, 3)(21, R, 22)(21,  , 3)(21, a, 3)(21, b, 3)(21, c, 3)(21, d, 3)(21, e, 3)(21, f, 3)(21, g, 3)(21, h, 3)(21, i, 3)(21, j, 3)(21, k, 3)(21, l, 3)(21, m, 3)(21, n, 3)(21, o, 3)(21, p, 3)(21, q, 3)(21, r, 3)(21, s, 3)(21, t, 3)(21, u, 3)(21, v, 3)(21, w, 3)(21, x, 3)(21, y, 3)(21, z, 3)(21, A, 3)(21, B, 3)(21, D, 3)(21, F, 3)(21, G, 3)(21, H, 3)(21, J, 3)(21, K, 3)(21, N, 3)(21, Q, 3)(21, S, 3)(21, T, 3)(21, U, 3)(21, V, 3)(21, W, 3)(21, X, 3)(21, Y, 3)(21, Z, 3)(21, 0, 3)(21, 1, 3)(21, 2, 3)(21, 3, 3)(21, 4, 3)(21, 5, 3)(21, 6, 3)(21, 7, 3)(21, 8, 3)(21, 9, 3)(21, 
, 3)(22, C, 3)(22, O, 3)(22, M, 3)(22, P, 3)(22, I, 3)(22, L, 3)(22, E, 3)(22, R, 3)(22,  , 3)(22, a, 3)(22, b, 3)(22, c, 3)(22, d, 3)(22, e, 3)(22, f, 3)(22, g, 3)(22, h, 3)(22, i, 3)(22, j, 3)(22, k, 3)(22, l, 3)(22, m, 3)(22, n, 3)(22, o, 3)(22, p, 3)(22, q, 3)(22, r, 3)(22, s, 3)(22, t, 3)(22, u, 3)(22, v, 3)(22, w, 3)(22, x, 3)(22, y, 3)(22, z, 3)(22, A, 3)(22, B, 3)(22, D, 3)(22, F, 3)(22, G, 3)(22, H, 3)(22, J, 3)(22, K, 3)(22, N, 3)(22, Q, 3)(22, S, 23)(22, T, 3)(22, U, 3)(22, V, 3)(22, W, 3)(22, X, 3)(22, Y, 3)(22, Z, 3)(22, 0, 3)(22, 1, 3)(22, 2, 3)(22, 3, 3)(22, 4, 3)(22, 5, 3)(22, 6, 3)(22, 7, 3)(22, 8, 3)(22, 9, 3)(22, 
, 3)(23, C, 3)(23, O, 3)(23, M, 3)(23, P, 3)(23, I, 3)(23, L, 3)(23, E, 3)(23, R, 3)(23,  , 23)(23, a, 3)(23, b, 3)(23, c, 3)(23, d, 3)(23, e, 3)(23, f, 3)(23, g, 3)(23, h, 3)(23, i, 3)(23, j, 3)(23, k, 3)(23, l, 3)(23, m, 3)(23, n, 3)(23, o, 3)(23, p, 3)(23, q, 3)(23, r, 3)(23, s, 3)(23, t, 3)(23, u, 3)(23, v, 3)(23, w, 3)(23, x, 3)(23, y, 3)(23, z, 3)(23, A, 3)(23, B, 3)(23, D, 3)(23, F, 3)(23, G, 3)(23, H, 3)(23, J, 3)(23, K, 3)(23, N, 3)(23, Q, 3)(23, S, 3)(23, T, 3)(23, U, 3)(23, V, 3)(23, W, 3)(23, X, 3)(23, Y, 3)(23, Z, 3)(23, 0, 3)(23, 1, 3)(23, 2, 3)(23, 3, 3)(23, 4, 3)(23, 5, 3)(23, 6, 3)(23, 7, 3)(23, 8, 3)(23, 9, 3)(23, 
, 24)(24, C, 3)(24, O, 3)(24, M, 3)(24, P, 3)(24, I, 3)(24, L, 3)(24, E, 3)(24, R, 3)(24,  , 3)(24, a, 3)(24, b, 3)(24, c, 3)(24, d, 3)(24, e, 3)(24, f, 3)(24, g, 3)(24, h, 3)(24, i, 3)(24, j, 3)(24, k, 3)(24, l, 3)(24, m, 3)(24, n, 3)(24, o, 3)(24, p, 3)(24, q, 3)(24, r, 3)(24, s, 3)(24, t, 3)(24, u, 3)(24, v, 3)(24, w, 3)(24, x, 3)(24, y, 3)(24, z, 3)(24, A, 3)(24, B, 3)(24, D, 3)(24, F, 3)(24, G, 3)(24, H, 3)(24, J, 3)(24, K, 25)(24, N, 3)(24, Q, 3)(24, S, 3)(24, T, 3)(24, U, 3)(24, V, 3)(24, W, 3)(24, X, 3)(24, Y, 3)(24, Z, 3)(24, 0, 3)(24, 1, 3)(24, 2, 3)(24, 3, 3)(24, 4, 3)(24, 5, 3)(24, 6, 3)(24, 7, 3)(24, 8, 3)(24, 9, 3)(24, 
, 3)(25, C, 3)(25, O, 3)(25, M, 3)(25, P, 3)(25, I, 3)(25, L, 3)(25, E, 26)(25, R, 3)(25,  , 3)(25, a, 3)(25, b, 3)(25, c, 3)(25, d, 3)(25, e, 3)(25, f, 3)(25, g, 3)(25, h, 3)(25, i, 3)(25, j, 3)(25, k, 3)(25, l, 3)(25, m, 3)(25, n, 3)(25, o, 3)(25, p, 3)(25, q, 3)(25, r, 3)(25, s, 3)(25, t, 3)(25, u, 3)(25, v, 3)(25, w, 3)(25, x, 3)(25, y, 3)(25, z, 3)(25, A, 3)(25, B, 3)(25, D, 3)(25, F, 3)(25, G, 3)(25, H, 3)(25, J, 3)(25, K, 3)(25, N, 3)(25, Q, 3)(25, S, 3)(25, T, 3)(25, U, 3)(25, V, 3)(25, W, 3)(25, X, 3)(25, Y, 3)(25, Z, 3)(25, 0, 3)(25, 1, 3)(25, 2, 3)(25, 3, 3)(25, 4, 3)(25, 5, 3)(25, 6, 3)(25, 7, 3)(25, 8, 3)(25, 9, 3)(25, 
, 3)(26, C, 3)(26, O, 3)(26, M, 3)(26, P, 3)(26, I, 3)(26, L, 3)(26, E, 3)(26, R, 3)(26,  , 3)(26, a, 3)(26, b, 3)(26, c, 3)(26, d, 3)(26, e, 3)(26, f, 3)(26, g, 3)(26, h, 3)(26, i, 3)(26, j, 3)(26, k, 3)(26, l, 3)(26, m, 3)(26, n, 3)(26, o, 3)(26, p, 3)(26, q, 3)(26, r, 3)(26, s, 3)(26, t, 3)(26, u, 3)(26, v, 3)(26, w, 3)(26, x, 3)(26, y, 3)(26, z, 3)(26, A, 3)(26, B, 3)(26, D, 3)(26, F, 3)(26, G, 3)(26, H, 3)(26, J, 3)(26, K, 3)(26, N, 3)(26, Q, 3)(26, S, 3)(26, T, 3)(26, U, 3)(26, V, 3)(26, W, 3)(26, X, 3)(26, Y, 27)(26, Z, 3)(26, 0, 3)(26, 1, 3)(26, 2, 3)(26, 3, 3)(26, 4, 3)(26, 5, 3)(26, 6, 3)(26, 7, 3)(26, 8, 3)(26, 9, 3)(26, 
, 3)(27, C, 3)(27, O, 3)(27, M, 3)(27, P, 3)(27, I, 3)(27, L, 3)(27, E, 3)(27, R, 3)(27,  , 3)(27, a, 3)(27, b, 3)(27, c, 3)(27, d, 3)(27, e, 3)(27, f, 3)(27, g, 3)(27, h, 3)(27, i, 3)(27, j, 3)(27, k, 3)(27, l, 3)(27, m, 3)(27, n, 3)(27, o, 3)(27, p, 3)(27, q, 3)(27, r, 3)(27, s, 3)(27, t, 3)(27, u, 3)(27, v, 3)(27, w, 3)(27, x, 3)(27, y, 3)(27, z, 3)(27, A, 3)(27, B, 3)(27, D, 3)(27, F, 3)(27, G, 3)(27, H, 3)(27, J, 3)(27, K, 3)(27, N, 3)(27, Q, 3)(27, S, 3)(27, T, 3)(27, U, 3)(27, V, 3)(27, W, 28)(27, X, 3)(27, Y, 3)(27, Z, 3)(27, 0, 3)(27, 1, 3)(27, 2, 3)(27, 3, 3)(27, 4, 3)(27, 5, 3)(27, 6, 3)(27, 7, 3)(27, 8, 3)(27, 9, 3)(27, 
, 3)(28, C, 3)(28, O, 29)(28, M, 3)(28, P, 3)(28, I, 3)(28, L, 3)(28, E, 3)(28, R, 3)(28,  , 3)(28, a, 3)(28, b, 3)(28, c, 3)(28, d, 3)(28, e, 3)(28, f, 3)(28, g, 3)(28, h, 3)(28, i, 3)(28, j, 3)(28, k, 3)(28, l, 3)(28, m, 3)(28, n, 3)(28, o, 3)(28, p, 3)(28, q, 3)(28, r, 3)(28, s, 3)(28, t, 3)(28, u, 3)(28, v, 3)(28, w, 3)(28, x, 3)(28, y, 3)(28, z, 3)(28, A, 3)(28, B, 3)(28, D, 3)(28, F, 3)(28, G, 3)(28, H, 3)(28, J, 3)(28, K, 3)(28, N, 3)(28, Q, 3)(28, S, 3)(28, T, 3)(28, U, 3)(28, V, 3)(28, W, 3)(28, X, 3)(28, Y, 3)(28, Z, 3)(28, 0, 3)(28, 1, 3)(28, 2, 3)(28, 3, 3)(28, 4, 3)(28, 5, 3)(28, 6, 3)(28, 7, 3)(28, 8, 3)(28, 9, 3)(28, 
, 3)(29, C, 3)(29, O, 3)(29, M, 3)(29, P, 3)(29, I, 3)(29, L, 3)(29, E, 3)(29, R, 30)(29,  , 3)(29, a, 3)(29, b, 3)(29, c, 3)(29, d, 3)(29, e, 3)(29, f, 3)(29, g, 3)(29, h, 3)(29, i, 3)(29, j, 3)(29, k, 3)(29, l, 3)(29, m, 3)(29, n, 3)(29, o, 3)(29, p, 3)(29, q, 3)(29, r, 3)(29, s, 3)(29, t, 3)(29, u, 3)(29, v, 3)(29, w, 3)(29, x, 3)(29, y, 3)(29, z, 3)(29, A, 3)(29, B, 3)(29, D, 3)(29, F, 3)(29, G, 3)(29, H, 3)(29, J, 3)(29, K, 3)(29, N, 3)(29, Q, 3)(29, S, 3)(29, T, 3)(29, U, 3)(29, V, 3)(29, W, 3)(29, X, 3)(29, Y, 3)(29, Z, 3)(29, 0, 3)(29, 1, 3)(29, 2, 3)(29, 3, 3)(29, 4, 3)(29, 5, 3)(29, 6, 3)(29, 7, 3)(29, 8, 3)(29, 9, 3)(29, 
, 3)(30, C, 3)(30, O, 3)(30, M, 3)(30, P, 3)(30, I, 3)(30, L, 3)(30, E, 3)(30, R, 3)(30,  , 3)(30, a, 3)(30, b, 3)(30, c, 3)(30, d, 3)(30, e, 3)(30, f, 3)(30, g, 3)(30, h, 3)(30, i, 3)(30, j, 3)(30, k, 3)(30, l, 3)(30, m, 3)(30, n, 3)(30, o, 3)(30, p, 3)(30, q, 3)(30, r, 3)(30, s, 3)(30, t, 3)(30, u, 3)(30, v, 3)(30, w, 3)(30, x, 3)(30, y, 3)(30, z, 3)(30, A, 3)(30, B, 3)(30, D, 31)(30, F, 3)(30, G, 3)(30, H, 3)(30, J, 3)(30, K, 3)(30, N, 3)(30, Q, 3)(30, S, 3)(30, T, 3)(30, U, 3)(30, V, 3)(30, W, 3)(30, X, 3)(30, Y, 3)(30, Z, 3)(30, 0, 3)(30, 1, 3)(30, 2, 3)(30, 3, 3)(30, 4, 3)(30, 5, 3)(30, 6, 3)(30, 7, 3)(30, 8, 3)(30, 9, 3)(30, 
, 3)(31, C, 3)(31, O, 3)(31, M, 3)(31, P, 3)(31, I, 3)(31, L, 3)(31, E, 3)(31, R, 3)(31,  , 3)(31, a, 3)(31, b, 3)(31, c, 3)(31, d, 3)(31, e, 3)(31, f, 3)(31, g, 3)(31, h, 3)(31, i, 3)(31, j, 3)(31, k, 3)(31, l, 3)(31, m, 3)(31, n, 3)(31, o, 3)(31, p, 3)(31, q, 3)(31, r, 3)(31, s, 3)(31, t, 3)(31, u, 3)(31, v, 3)(31, w, 3)(31, x, 3)(31, y, 3)(31, z, 3)(31, A, 3)(31, B, 3)(31, D, 3)(31, F, 3)(31, G, 3)(31, H, 3)(31, J, 3)(31, K, 3)(31, N, 3)(31, Q, 3)(31, S, 32)(31, T, 3)(31, U, 3)(31, V, 3)(31, W, 3)(31, X, 3)(31, Y, 3)(31, Z, 3)(31, 0, 3)(31, 1, 3)(31, 2, 3)(31, 3, 3)(31, 4, 3)(31, 5, 3)(31, 6, 3)(31, 7, 3)(31, 8, 3)(31, 9, 3)(31, 
, 3)(32, C, 3)(32, O, 3)(32, M, 3)(32, P, 3)(32, I, 3)(32, L, 3)(32, E, 3)(32, R, 3)(32,  , 32)(32, a, 3)(32, b, 3)(32, c, 3)(32, d, 3)(32, e, 3)(32, f, 3)(32, g, 3)(32, h, 3)(32, i, 3)(32, j, 3)(32, k, 3)(32, l, 3)(32, m, 3)(32, n, 3)(32, o, 3)(32, p, 3)(32, q, 3)(32, r, 3)(32, s, 3)(32, t, 3)(32, u, 3)(32, v, 3)(32, w, 3)(32, x, 3)(32, y, 3)(32, z, 3)(32, A, 3)(32, B, 3)(32, D, 3)(32, F, 3)(32, G, 3)(32, H, 3)(32, J, 3)(32, K, 3)(32, N, 3)(32, Q, 3)(32, S, 3)(32, T, 3)(32, U, 3)(32, V, 3)(32, W, 3)(32, X, 3)(32, Y, 3)(32, Z, 3)(32, 0, 3)(32, 1, 3)(32, 2, 3)(32, 3, 3)(32, 4, 3)(32, 5, 3)(32, 6, 3)(32, 7, 3)(32, 8, 3)(32, 9, 3)(32, 
, 33)(33, C, 3)(33, O, 3)(33, M, 3)(33, P, 3)(33, I, 3)(33, L, 3)(33, E, 3)(33, R, 3)(33,  , 3)(33, a, 3)(33, b, 3)(33, c, 3)(33, d, 3)(33, e, 3)(33, f, 3)(33, g, 3)(33, h, 3)(33, i, 3)(33, j, 3)(33, k, 3)(33, l, 3)(33, m, 3)(33, n, 3)(33, o, 3)(33, p, 3)(33, q, 3)(33, r, 3)(33, s, 3)(33, t, 3)(33, u, 3)(33, v, 3)(33, w, 3)(33, x, 3)(33, y, 3)(33, z, 3)(33, A, 3)(33, B, 3)(33, D, 3)(33, F, 3)(33, G, 3)(33, H, 3)(33, J, 3)(33, K, 3)(33, N, 3)(33, Q, 3)(33, S, 3)(33, T, 34)(33, U, 3)(33, V, 3)(33, W, 3)(33, X, 3)(33, Y, 3)(33, Z, 3)(33, 0, 3)(33, 1, 3)(33, 2, 3)(33, 3, 3)(33, 4, 3)(33, 5, 3)(33, 6, 3)(33, 7, 3)(33, 8, 3)(33, 9, 3)(33, 
, 3)(34, C, 3)(34, O, 35)(34, M, 3)(34, P, 3)(34, I, 3)(34, L, 3)(34, E, 3)(34, R, 3)(34,  , 3)(34, a, 3)(34, b, 3)(34, c, 3)(34, d, 3)(34, e, 3)(34, f, 3)(34, g, 3)(34, h, 3)(34, i, 3)(34, j, 3)(34, k, 3)(34, l, 3)(34, m, 3)(34, n, 3)(34, o, 3)(34, p, 3)(34, q, 3)(34, r, 3)(34, s, 3)(34, t, 3)(34, u, 3)(34, v, 3)(34, w, 3)(34, x, 3)(34, y, 3)(34, z, 3)(34, A, 3)(34, B, 3)(34, D, 3)(34, F, 3)(34, G, 3)(34, H, 3)(34, J, 3)(34, K, 3)(34, N, 3)(34, Q, 3)(34, S, 3)(34, T, 3)(34, U, 3)(34, V, 3)(34, W, 3)(34, X, 3)(34, Y, 3)(34, Z, 3)(34, 0, 3)(34, 1, 3)(34, 2, 3)(34, 3, 3)(34, 4, 3)(34, 5, 3)(34, 6, 3)(34, 7, 3)(34, 8, 3)(34, 9, 3)(34, 
, 3)(35, C, 3)(35, O, 3)(35, M, 3)(35, P, 3)(35, I, 3)(35, L, 3)(35, E, 3)(35, R, 3)(35,  , 3)(35, a, 3)(35, b, 3)(35, c, 3)(35, d, 3)(35, e, 3)(35, f, 3)(35, g, 3)(35, h, 3)(35, i, 3)(35, j, 3)(35, k, 3)(35, l, 3)(35, m, 3)(35, n, 3)(35, o, 3)(35, p, 3)(35, q, 3)(35, r, 3)(35, s, 3)(35, t, 3)(35, u, 3)(35, v, 3)(35, w, 3)(35, x, 3)(35, y, 3)(35, z, 3)(35, A, 3)(35, B, 3)(35, D, 3)(35, F, 3)(35, G, 3)(35, H, 3)(35, J, 3)(35, K, 36)(35, N, 3)(35, Q, 3)(35, S, 3)(35, T, 3)(35, U, 3)(35, V, 3)(35, W, 3)(35, X, 3)(35, Y, 3)(35, Z, 3)(35, 0, 3)(35, 1, 3)(35, 2, 3)(35, 3, 3)(35, 4, 3)(35, 5, 3)(35, 6, 3)(35, 7, 3)(35, 8, 3)(35, 9, 3)(35, 
, 3)(36, C, 3)(36, O, 3)(36, M, 3)(36, P, 3)(36, I, 3)(36, L, 3)(36, E, 37)(36, R, 3)(36,  , 3)(36, a, 3)(36, b, 3)(36, c, 3)(36, d, 3)(36, e, 3)(36, f, 3)(36, g, 3)(36, h, 3)(36, i, 3)(36, j, 3)(36, k, 3)(36, l, 3)(36, m, 3)(36, n, 3)(36, o, 3)(36, p, 3)(36, q, 3)(36, r, 3)(36, s, 3)(36, t, 3)(36, u, 3)(36, v, 3)(36, w, 3)(36, x, 3)(36, y, 3)(36, z, 3)(36, A, 3)(36, B, 3)(36, D, 3)(36, F, 3)(36, G, 3)(36, H, 3)(36, J, 3)(36, K, 3)(36, N, 3)(36, Q, 3)(36, S, 3)(36, T, 3)(36, U, 3)(36, V, 3)(36, W, 3)(36, X, 3)(36, Y, 3)(36, Z, 3)(36, 0, 3)(36, 1, 3)(36, 2, 3)(36, 3, 3)(36, 4, 3)(36, 5, 3)(36, 6, 3)(36, 7, 3)(36, 8, 3)(36, 9, 3)(36, 
, 3)(37, C, 3)(37, O, 3)(37, M, 3)(37, P, 3)(37, I, 3)(37, L, 3)(37, E, 3)(37, R, 3)(37,  , 3)(37, a, 3)(37, b, 3)(37, c, 3)(37, d, 3)(37, e, 3)(37, f, 3)(37, g, 3)(37, h, 3)(37, i, 3)(37, j, 3)(37, k, 3)(37, l, 3)(37, m, 3)(37, n, 3)(37, o, 3)(37, p, 3)(37, q, 3)(37, r, 3)(37, s, 3)(37, t, 3)(37, u, 3)(37, v, 3)(37, w, 3)(37, x, 3)(37, y, 3)(37, z, 3)(37, A, 3)(37, B, 3)(37, D, 3)(37, F, 3)(37, G, 3)(37, H, 3)(37, J, 3)(37, K, 3)(37, N, 38)(37, Q, 3)(37, S, 3)(37, T, 3)(37, U, 3)(37, V, 3)(37, W, 3)(37, X, 3)(37, Y, 3)(37, Z, 3)(37, 0, 3)(37, 1, 3)(37, 2, 3)(37, 3, 3)(37, 4, 3)(37, 5, 3)(37, 6, 3)(37, 7, 3)(37, 8, 3)(37, 9, 3)(37, 
, 3)(38, C, 3)(38, O, 3)(38, M, 3)(38, P, 3)(38, I, 3)(38, L, 3)(38, E, 3)(38, R, 3)(38,  , 3)(38, a, 3)(38, b, 3)(38, c, 3)(38, d, 3)(38, e, 3)(38, f, 3)(38, g, 3)(38, h, 3)(38, i, 3)(38, j, 3)(38, k, 3)(38, l, 3)(38, m, 3)(38, n, 3)(38, o, 3)(38, p, 3)(38, q, 3)(38, r, 3)(38, s, 3)(38, t, 3)(38, u, 3)(38, v, 3)(38, w, 3)(38, x, 3)(38, y, 3)(38, z, 3)(38, A, 3)(38, B, 3)(38, D, 3)(38, F, 3)(38, G, 3)(38, H, 3)(38, J, 3)(38, K, 3)(38, N, 3)(38, Q, 3)(38, S, 39)(38, T, 3)(38, U, 3)(38, V, 3)(38, W, 3)(38, X, 3)(38, Y, 3)(38, Z, 3)(38, 0, 3)(38, 1, 3)(38, 2, 3)(38, 3, 3)(38, 4, 3)(38, 5, 3)(38, 6, 3)(38, 7, 3)(38, 8, 3)(38, 9, 3)(38, 
, 3)(39, C, 3)(39, O, 3)(39, M, 3)(39, P, 3)(39, I, 3)(39, L, 3)(39, E, 3)(39, R, 3)(39,  , 39)(39, a, 3)(39, b, 3)(39, c, 3)(39, d, 3)(39, e, 3)(39, f, 3)(39, g, 3)(39, h, 3)(39, i, 3)(39, j, 3)(39, k, 3)(39, l, 3)(39, m, 3)(39, n, 3)(39, o, 3)(39, p, 3)(39, q, 3)(39, r, 3)(39, s, 3)(39, t, 3)(39, u, 3)(39, v, 3)(39, w, 3)(39, x, 3)(39, y, 3)(39, z, 3)(39, A, 3)(39, B, 3)(39, D, 3)(39, F, 3)(39, G, 3)(39, H, 3)(39, J, 3)(39, K, 3)(39, N, 3)(39, Q, 3)(39, S, 3)(39, T, 3)(39, U, 3)(39, V, 3)(39, W, 3)(39, X, 3)(39, Y, 3)(39, Z, 3)(39, 0, 3)(39, 1, 3)(39, 2, 3)(39, 3, 3)(39, 4, 3)(39, 5, 3)(39, 6, 3)(39, 7, 3)(39, 8, 3)(39, 9, 3)(39, 
, 40)(40, C, 3)(40, O, 3)(40, M, 3)(40, P, 41)(40, I, 3)(40, L, 3)(40, E, 3)(40, R, 3)(40,  , 3)(40, a, 3)(40, b, 3)(40, c, 3)(40, d, 3)(40, e, 3)(40, f, 3)(40, g, 3)(40, h, 3)(40, i, 3)(40, j, 3)(40, k, 3)(40, l, 3)(40, m, 3)(40, n, 3)(40, o, 3)(40, p, 3)(40, q, 3)(40, r, 3)(40, s, 3)(40, t, 3)(40, u, 3)(40, v, 3)(40, w, 3)(40, x, 3)(40, y, 3)(40, z, 3)(40, A, 3)(40, B, 3)(40, D, 3)(40, F, 3)(40, G, 3)(40, H, 3)(40, J, 3)(40, K, 3)(40, N, 3)(40, Q, 3)(40, S, 3)(40, T, 3)(40, U, 3)(40, V, 3)(40, W, 3)(40, X, 3)(40, Y, 3)(40, Z, 3)(40, 0, 3)(40, 1, 3)(40, 2, 3)(40, 3, 3)(40, 4, 3)(40, 5, 3)(40, 6, 3)(40, 7, 3)(40, 8, 3)(40, 9, 3)(40, 
, 3)(41, C, 3)(41, O, 3)(41, M, 3)(41, P, 3)(41, I, 3)(41, L, 3)(41, E, 3)(41, R, 42)(41,  , 3)(41, a, 3)(41, b, 3)(41, c, 3)(41, d, 3)(41, e, 3)(41, f, 3)(41, g, 3)(41, h, 3)(41, i, 3)(41, j, 3)(41, k, 3)(41, l, 3)(41, m, 3)(41, n, 3)(41, o, 3)(41, p, 3)(41, q, 3)(41, r, 3)(41, s, 3)(41, t, 3)(41, u, 3)(41, v, 3)(41, w, 3)(41, x, 3)(41, y, 3)(41, z, 3)(41, A, 3)(41, B, 3)(41, D, 3)(41, F, 3)(41, G, 3)(41, H, 3)(41, J, 3)(41, K, 3)(41, N, 3)(41, Q, 3)(41, S, 3)(41, T, 3)(41, U, 3)(41, V, 3)(41, W, 3)(41, X, 3)(41, Y, 3)(41, Z, 3)(41, 0, 3)(41, 1, 3)(41, 2, 3)(41, 3, 3)(41, 4, 3)(41, 5, 3)(41, 6, 3)(41, 7, 3)(41, 8, 3)(41, 9, 3)(41, 
, 3)(42, C, 3)(42, O, 43)(42, M, 3)(42, P, 3)(42, I, 3)(42, L, 3)(42, E, 3)(42, R, 3)(42,  , 3)(42, a, 3)(42, b, 3)(42, c, 3)(42, d, 3)(42, e, 3)(42, f, 3)(42, g, 3)(42, h, 3)(42, i, 3)(42, j, 3)(42, k, 3)(42, l, 3)(42, m, 3)(42, n, 3)(42, o, 3)(42, p, 3)(42, q, 3)(42, r, 3)(42, s, 3)(42, t, 3)(42, u, 3)(42, v, 3)(42, w, 3)(42, x, 3)(42, y, 3)(42, z, 3)(42, A, 3)(42, B, 3)(42, D, 3)(42, F, 3)(42, G, 3)(42, H, 3)(42, J, 3)(42, K, 3)(42, N, 3)(42, Q, 3)(42, S, 3)(42, T, 3)(42, U, 3)(42, V, 3)(42, W, 3)(42, X, 3)(42, Y, 3)(42, Z, 3)(42, 0, 3)(42, 1, 3)(42, 2, 3)(42, 3, 3)(42, 4, 3)(42, 5, 3)(42, 6, 3)(42, 7, 3)(42, 8, 3)(42, 9, 3)(42, 
, 3)(43, C, 3)(43, O, 3)(43, M, 3)(43, P, 3)(43, I, 3)(43, L, 3)(43, E, 3)(43, R, 3)(43,  , 3)(43, a, 3)(43, b, 3)(43, c, 3)(43, d, 3)(43, e, 3)(43, f, 3)(43, g, 3)(43, h, 3)(43, i, 3)(43, j, 3)(43, k, 3)(43, l, 3)(43, m, 3)(43, n, 3)(43, o, 3)(43, p, 3)(43, q, 3)(43, r, 3)(43, s, 3)(43, t, 3)(43, u, 3)(43, v, 3)(43, w, 3)(43, x, 3)(43, y, 3)(43, z, 3)(43, A, 3)(43, B, 3)(43, D, 44)(43, F, 3)(43, G, 3)(43, H, 3)(43, J, 3)(43, K, 3)(43, N, 3)(43, Q, 3)(43, S, 3)(43, T, 3)(43, U, 3)(43, V, 3)(43, W, 3)(43, X, 3)(43, Y, 3)(43, Z, 3)(43, 0, 3)(43, 1, 3)(43, 2, 3)(43, 3, 3)(43, 4, 3)(43, 5, 3)(43, 6, 3)(43, 7, 3)(43, 8, 3)(43, 9, 3)(43, 
, 3)(44, C, 3)(44, O, 3)(44, M, 3)(44, P, 3)(44, I, 3)(44, L, 3)(44, E, 3)(44, R, 3)(44,  , 3)(44, a, 3)(44, b, 3)(44, c, 3)(44, d, 3)(44, e, 3)(44, f, 3)(44, g, 3)(44, h, 3)(44, i, 3)(44, j, 3)(44, k, 3)(44, l, 3)(44, m, 3)(44, n, 3)(44, o, 3)(44, p, 3)(44, q, 3)(44, r, 3)(44, s, 3)(44, t, 3)(44, u, 3)(44, v, 3)(44, w, 3)(44, x, 3)(44, y, 3)(44, z, 3)(44, A, 3)(44, B, 3)(44, D, 3)(44, F, 3)(44, G, 3)(44, H, 3)(44, J, 3)(44, K, 3)(44, N, 3)(44, Q, 3)(44, S, 3)(44, T, 3)(44, U, 45)(44, V, 3)(44, W, 3)(44, X, 3)(44, Y, 3)(44, Z, 3)(44, 0, 3)(44, 1, 3)(44, 2, 3)(44, 3, 3)(44, 4, 3)(44, 5, 3)(44, 6, 3)(44, 7, 3)(44, 8, 3)(44, 9, 3)(44, 
, 3)(45, C, 46)(45, O, 3)(45, M, 3)(45, P, 3)(45, I, 3)(45, L, 3)(45, E, 3)(45, R, 3)(45,  , 3)(45, a, 3)(45, b, 3)(45, c, 3)(45, d, 3)(45, e, 3)(45, f, 3)(45, g, 3)(45, h, 3)(45, i, 3)(45, j, 3)(45, k, 3)(45, l, 3)(45, m, 3)(45, n, 3)(45, o, 3)(45, p, 3)(45, q, 3)(45, r, 3)(45, s, 3)(45, t, 3)(45, u, 3)(45, v, 3)(45, w, 3)(45, x, 3)(45, y, 3)(45, z, 3)(45, A, 3)(45, B, 3)(45, D, 3)(45, F, 3)(45, G, 3)(45, H, 3)(45, J, 3)(45, K, 3)(45, N, 3)(45, Q, 3)(45, S, 3)(45, T, 3)(45, U, 3)(45, V, 3)(45, W, 3)(45, X, 3)(45, Y, 3)(45, Z, 3)(45, 0, 3)(45, 1, 3)(45, 2, 3)(45, 3, 3)(45, 4, 3)(45, 5, 3)(45, 6, 3)(45, 7, 3)(45, 8, 3)(45, 9, 3)(45, 
, 3)(46, C, 3)(46, O, 3)(46, M, 3)(46, P, 3)(46, I, 3)(46, L, 3)(46, E, 3)(46, R, 3)(46,  , 3)(46, a, 3)(46, b, 3)(46, c, 3)(46, d, 3)(46, e, 3)(46, f, 3)(46, g, 3)(46, h, 3)(46, i, 3)(46, j, 3)(46, k, 3)(46, l, 3)(46, m, 3)(46, n, 3)(46, o, 3)(46, p, 3)(46, q, 3)(46, r, 3)(46, s, 3)(46, t, 3)(46, u, 3)(46, v, 3)(46, w, 3)(46, x, 3)(46, y, 3)(46, z, 3)(46, A, 3)(46, B, 3)(46, D, 3)(46, F, 3)(46, G, 3)(46, H, 3)(46, J, 3)(46, K, 3)(46, N, 3)(46, Q, 3)(46, S, 3)(46, T, 47)(46, U, 3)(46, V, 3)(46, W, 3)(46, X, 3)(46, Y, 3)(46, Z, 3)(46, 0, 3)(46, 1, 3)(46, 2, 3)(46, 3, 3)(46, 4, 3)(46, 5, 3)(46, 6, 3)(46, 7, 3)(46, 8, 3)(46, 9, 3)(46, 
, 3)(47, C, 3)(47, O, 3)(47, M, 3)(47, P, 3)(47, I, 48)(47, L, 3)(47, E, 3)(47, R, 3)(47,  , 3)(47, a, 3)(47, b, 3)(47, c, 3)(47, d, 3)(47, e, 3)(47, f, 3)(47, g, 3)(47, h, 3)(47, i, 3)(47, j, 3)(47, k, 3)(47, l, 3)(47, m, 3)(47, n, 3)(47, o, 3)(47, p, 3)(47, q, 3)(47, r, 3)(47, s, 3)(47, t, 3)(47, u, 3)(47, v, 3)(47, w, 3)(47, x, 3)(47, y, 3)(47, z, 3)(47, A, 3)(47, B, 3)(47, D, 3)(47, F, 3)(47, G, 3)(47, H, 3)(47, J, 3)(47, K, 3)(47, N, 3)(47, Q, 3)(47, S, 3)(47, T, 3)(47, U, 3)(47, V, 3)(47, W, 3)(47, X, 3)(47, Y, 3)(47, Z, 3)(47, 0, 3)(47, 1, 3)(47, 2, 3)(47, 3, 3)(47, 4, 3)(47, 5, 3)(47, 6, 3)(47, 7, 3)(47, 8, 3)(47, 9, 3)(47, 
, 3)(48, C, 3)(48, O, 49)(48, M, 3)(48, P, 3)(48, I, 3)(48, L, 3)(48, E, 3)(48, R, 3)(48,  , 3)(48, a, 3)(48, b, 3)(48, c, 3)(48, d, 3)(48, e, 3)(48, f, 3)(48, g, 3)(48, h, 3)(48, i, 3)(48, j, 3)(48, k, 3)(48, l, 3)(48, m, 3)(48, n, 3)(48, o, 3)(48, p, 3)(48, q, 3)(48, r, 3)(48, s, 3)(48, t, 3)(48, u, 3)(48, v, 3)(48, w, 3)(48, x, 3)(48, y, 3)(48, z, 3)(48, A, 3)(48, B, 3)(48, D, 3)(48, F, 3)(48, G, 3)(48, H, 3)(48, J, 3)(48, K, 3)(48, N, 3)(48, Q, 3)(48, S, 3)(48, T, 3)(48, U, 3)(48, V, 3)(48, W, 3)(48, X, 3)(48, Y, 3)(48, Z, 3)(48, 0, 3)(48, 1, 3)(48, 2, 3)(48, 3, 3)(48, 4, 3)(48, 5, 3)(48, 6, 3)(48, 7, 3)(48, 8, 3)(48, 9, 3)(48, 
, 3)(49, C, 3)(49, O, 3)(49, M, 3)(49, P, 3)(49, I, 3)(49, L, 3)(49, E, 3)(49, R, 3)(49,  , 3)(49, a, 3)(49, b, 3)(49, c, 3)(49, d, 3)(49, e, 3)(49, f, 3)(49, g, 3)(49, h, 3)(49, i, 3)(49, j, 3)(49, k, 3)(49, l, 3)(49, m, 3)(49, n, 3)(49, o, 3)(49, p, 3)(49, q, 3)(49, r, 3)(49, s, 3)(49, t, 3)(49, u, 3)(49, v, 3)(49, w, 3)(49, x, 3)(49, y, 3)(49, z, 3)(49, A, 3)(49, B, 3)(49, D, 3)(49, F, 3)(49, G, 3)(49, H, 3)(49, J, 3)(49, K, 3)(49, N, 50)(49, Q, 3)(49, S, 3)(49, T, 3)(49, U, 3)(49, V, 3)(49, W, 3)(49, X, 3)(49, Y, 3)(49, Z, 3)(49, 0, 3)(49, 1, 3)(49, 2, 3)(49, 3, 3)(49, 4, 3)(49, 5, 3)(49, 6, 3)(49, 7, 3)(49, 8, 3)(49, 9, 3)(49, 
, 3)(50, C, 3)(50, O, 3)(50, M, 3)(50, P, 3)(50, I, 3)(50, L, 3)(50, E, 3)(50, R, 3)(50,  , 3)(50, a, 3)(50, b, 3)(50, c, 3)(50, d, 3)(50, e, 3)(50, f, 3)(50, g, 3)(50, h, 3)(50, i, 3)(50, j, 3)(50, k, 3)(50, l, 3)(50, m, 3)(50, n, 3)(50, o, 3)(50, p, 3)(50, q, 3)(50, r, 3)(50, s, 3)(50, t, 3)(50, u, 3)(50, v, 3)(50, w, 3)(50, x, 3)(50, y, 3)(50, z, 3)(50, A, 3)(50, B, 3)(50, D, 3)(50, F, 3)(50, G, 3)(50, H, 3)(50, J, 3)(50, K, 3)(50, N, 3)(50, Q, 3)(50, S, 51)(50, T, 3)(50, U, 3)(50, V, 3)(50, W, 3)(50, X, 3)(50, Y, 3)(50, Z, 3)(50, 0, 3)(50, 1, 3)(50, 2, 3)(50, 3, 3)(50, 4, 3)(50, 5, 3)(50, 6, 3)(50, 7, 3)(50, 8, 3)(50, 9, 3)(50, 
, 3)(51, C, 3)(51, O, 3)(51, M, 3)(51, P, 3)(51, I, 3)(51, L, 3)(51, E, 3)(51, R, 3)(51,  , 51)(51, a, 3)(51, b, 3)(51, c, 3)(51, d, 3)(51, e, 3)(51, f, 3)(51, g, 3)(51, h, 3)(51, i, 3)(51, j, 3)(51, k, 3)(51, l, 3)(51, m, 3)(51, n, 3)(51, o, 3)(51, p, 3)(51, q, 3)(51, r, 3)(51, s, 3)(51, t, 3)(51, u, 3)(51, v, 3)(51, w, 3)(51, x, 3)(51, y, 3)(51, z, 3)(51, A, 3)(51, B, 3)(51, D, 3)(51, F, 3)(51, G, 3)(51, H, 3)(51, J, 3)(51, K, 3)(51, N, 3)(51, Q, 3)(51, S, 3)(51, T, 3)(51, U, 3)(51, V, 3)(51, W, 3)(51, X, 3)(51, Y, 3)(51, Z, 3)(51, 0, 3)(51, 1, 3)(51, 2, 3)(51, 3, 3)(51, 4, 3)(51, 5, 3)(51, 6, 3)(51, 7, 3)(51, 8, 3)(51, 9, 3)(51, 
, 52)(52, C, 3)(52, O, 3)(52, M, 3)(52, P, 3)(52, I, 3)(52, L, 3)(52, E, 53)(52, R, 3)(52,  , 3)(52, a, 3)(52, b, 3)(52, c, 3)(52, d, 3)(52, e, 3)(52, f, 3)(52, g, 3)(52, h, 3)(52, i, 3)(52, j, 3)(52, k, 3)(52, l, 3)(52, m, 3)(52, n, 3)(52, o, 3)(52, p, 3)(52, q, 3)(52, r, 3)(52, s, 3)(52, t, 3)(52, u, 3)(52, v, 3)(52, w, 3)(52, x, 3)(52, y, 3)(52, z, 3)(52, A, 3)(52, B, 3)(52, D, 3)(52, F, 3)(52, G, 3)(52, H, 3)(52, J, 3)(52, K, 3)(52, N, 3)(52, Q, 3)(52, S, 3)(52, T, 3)(52, U, 3)(52, V, 3)(52, W, 3)(52, X, 3)(52, Y, 3)(52, Z, 3)(52, 0, 3)(52, 1, 3)(52, 2, 3)(52, 3, 3)(52, 4, 3)(52, 5, 3)(52, 6, 3)(52, 7, 3)(52, 8, 3)(52, 9, 3)(52, 
, 3)(53, C, 3)(53, O, 3)(53, M, 3)(53, P, 3)(53, I, 3)(53, L, 3)(53, E, 3)(53, R, 3)(53,  , 3)(53, a, 3)(53, b, 3)(53, c, 3)(53, d, 3)(53, e, 3)(53, f, 3)(53, g, 3)(53, h, 3)(53, i, 3)(53, j, 3)(53, k, 3)(53, l, 3)(53, m, 3)(53, n, 3)(53, o, 3)(53, p, 3)(53, q, 3)(53, r, 3)(53, s, 3)(53, t, 3)(53, u, 3)(53, v, 3)(53, w, 3)(53, x, 3)(53, y, 3)(53, z, 3)(53, A, 3)(53, B, 3)(53, D, 3)(53, F, 3)(53, G, 3)(53, H, 3)(53, J, 3)(53, K, 3)(53, N, 54)(53, Q, 3)(53, S, 3)(53, T, 3)(53, U, 3)(53, V, 3)(53, W, 3)(53, X, 3)(53, Y, 3)(53, Z, 3)(53, 0, 3)(53, 1, 3)(53, 2, 3)(53, 3, 3)(53, 4, 3)(53, 5, 3)(53, 6, 3)(53, 7, 3)(53, 8, 3)(53, 9, 3)(53, 
, 3)(54, C, 3)(54, O, 3)(54, M, 3)(54, P, 3)(54, I, 3)(54, L, 3)(54, E, 3)(54, R, 3)(54,  , 3)(54, a, 3)(54, b, 3)(54, c, 3)(54, d, 3)(54, e, 3)(54, f, 3)(54, g, 3)(54, h, 3)(54, i, 3)(54, j, 3)(54, k, 3)(54, l, 3)(54, m, 3)(54, n, 3)(54, o, 3)(54, p, 3)(54, q, 3)(54, r, 3)(54, s, 3)(54, t, 3)(54, u, 3)(54, v, 3)(54, w, 3)(54, x, 3)(54, y, 3)(54, z, 3)(54, A, 3)(54, B, 3)(54, D, 55)(54, F, 3)(54, G, 3)(54, H, 3)(54, J, 3)(54, K, 3)(54, N, 3)(54, Q, 3)(54, S, 3)(54, T, 3)(54, U, 3)(54, V, 3)(54, W, 3)(54, X, 3)(54, Y, 3)(54, Z, 3)(54, 0, 3)(54, 1, 3)(54, 2, 3)(54, 3, 3)(54, 4, 3)(54, 5, 3)(54, 6, 3)(54, 7, 3)(54, 8, 3)(54, 9, 3)(54, 
, 3)(55, C, 56)(55, O, 56)(55, M, 56)(55, P, 56)(55, I, 56)(55, L, 56)(55, E, 56)(55, R, 56)(55,  , 55)(55, a, 56)(55, b, 56)(55, c, 56)(55, d, 56)(55, e, 56)(55, f, 56)(55, g, 56)(55, h, 56)(55, i, 56)(55, j, 56)(55, k, 56)(55, l, 56)(55, m, 56)(55, n, 56)(55, o, 56)(55, p, 56)(55, q, 56)(55, r, 56)(55, s, 56)(55, t, 56)(55, u, 56)(55, v, 56)(55, w, 56)(55, x, 56)(55, y, 56)(55, z, 56)(55, A, 56)(55, B, 56)(55, D, 56)(55, F, 56)(55, G, 56)(55, H, 56)(55, J, 56)(55, K, 56)(55, N, 56)(55, Q, 56)(55, S, 56)(55, T, 56)(55, U, 56)(55, V, 56)(55, W, 56)(55, X, 56)(55, Y, 56)(55, Z, 56)(55, 0, 3)(55, 1, 3)(55, 2, 3)(55, 3, 3)(55, 4, 3)(55, 5, 3)(55, 6, 3)(55, 7, 3)(55, 8, 3)(55, 9, 3)(55, 
, 3)(56, C, 56)(56, O, 56)(56, M, 56)(56, P, 56)(56, I, 56)(56, L, 56)(56, E, 56)(56, R, 56)(56,  , 3)(56, a, 56)(56, b, 56)(56, c, 56)(56, d, 56)(56, e, 56)(56, f, 56)(56, g, 56)(56, h, 56)(56, i, 56)(56, j, 56)(56, k, 56)(56, l, 56)(56, m, 56)(56, n, 56)(56, o, 56)(56, p, 56)(56, q, 56)(56, r, 56)(56, s, 56)(56, t, 56)(56, u, 56)(56, v, 56)(56, w, 56)(56, x, 56)(56, y, 56)(56, z, 56)(56, A, 56)(56, B, 56)(56, D, 56)(56, F, 56)(56, G, 56)(56, H, 56)(56, J, 56)(56, K, 56)(56, N, 56)(56, Q, 56)(56, S, 56)(56, T, 56)(56, U, 56)(56, V, 56)(56, W, 56)(56, X, 56)(56, Y, 56)(56, Z, 56)(56, 0, 56)(56, 1, 56)(56, 2, 56)(56, 3, 56)(56, 4, 56)(56, 5, 56)(56, 6, 56)(56, 7, 56)(56, 8, 56)(56, 9, 56)(56, 
, 57)(57, C, 3)(57, O, 3)(57, M, 3)(57, P, 3)(57, I, 3)(57, L, 3)(57, E, 3)(57, R, 3)(57,  , 3)(57, a, 3)(57, b, 3)(57, c, 3)(57, d, 3)(57, e, 3)(57, f, 3)(57, g, 3)(57, h, 3)(57, i, 3)(57, j, 3)(57, k, 3)(57, l, 3)(57, m, 3)(57, n, 3)(57, o, 3)(57, p, 3)(57, q, 3)(57, r, 3)(57, s, 3)(57, t, 3)(57, u, 3)(57, v, 3)(57, w, 3)(57, x, 3)(57, y, 3)(57, z, 3)(57, A, 3)(57, B, 3)(57, D, 3)(57, F, 3)(57, G, 3)(57, H, 3)(57, J, 3)(57, K, 3)(57, N, 3)(57, Q, 3)(57, S, 3)(57, T, 3)(57, U, 3)(57, V, 3)(57, W, 3)(57, X, 3)(57, Y, 3)(57, Z, 3)(57, 0, 3)(57, 1, 3)(57, 2, 3)(57, 3, 3)(57, 4, 3)(57, 5, 3)(57, 6, 3)(57, 7, 3)(57, 8, 3)(57, 9, 3)(57, 
, 3)(12, C, 3)(12, O, 3)(12, M, 3)(12, P, 3)(12, I, 3)(12, L, 3)(12, E, 3)(12, R, 3)(12,  , 12)(12, a, 3)(12, b, 3)(12, c, 3)(12, d, 3)(12, e, 3)(12, f, 3)(12, g, 3)(12, h, 3)(12, i, 3)(12, j, 3)(12, k, 3)(12, l, 3)(12, m, 3)(12, n, 3)(12, o, 3)(12, p, 3)(12, q, 3)(12, r, 3)(12, s, 3)(12, t, 3)(12, u, 3)(12, v, 3)(12, w, 3)(12, x, 3)(12, y, 3)(12, z, 3)(12, A, 3)(12, B, 3)(12, D, 3)(12, F, 3)(12, G, 3)(12, H, 3)(12, J, 3)(12, K, 3)(12, N, 3)(12, Q, 3)(12, S, 3)(12, T, 3)(12, U, 3)(12, V, 3)(12, W, 3)(12, X, 3)(12, Y, 3)(12, Z, 3)(12, 0, 3)(12, 1, 3)(12, 2, 3)(12, 3, 3)(12, 4, 3)(12, 5, 3)(12, 6, 3)(12, 7, 3)(12, 8, 3)(12, 9, 3)(12, 
, 13)
